110001101011100001000 80
111001101011100001000 82
1110010111011100001000 81
1111011111011100001000 78
1110000001111100001000 82
1111001100010101000001 82
1111001100010101001000 82
1111001101011100000001 80
1111001101011100001000 74
1110000101011100000001 81
1110000101011100001000 77
1110000101111100001000 81
1111001101111100001000 82
11101011111001110010010 82
11111001101011100001000 82
1000010000000010001000101 82
1000010100001111100000001 82
1000110001101010101000001 82
1000110001101011100000001 76
1000110001101011100001000 74
1000110001101011100001100 81
1000110001101111000000001 81
1000110001101111000001000 79
1000110001101111100001000 82
1000010101001111100001000 81
1000110000000010001000101 82
1000110000001111100000001 82
1000111011110010101000001 82
1000111011111011100001000 80
1000111011111011101000001 81
1000110000100010101000001 79
1000110000101011100000001 77
1000110000101011100001000 79
1000110000101011101000001 82
1000110011111011100001000 78
1000111001100010101000001 78
1000111001100110001000101 82
1000111001101011100000001 80
1000111001101011100001000 76
1000111001101011101000001 77
1000110001001111100001000 81
1001110001101011100001000 82
1001110000101011100000101 82
1001110000101011100001100 82
1010101011111000110010011 82
1010100011111001110010010 82
1010110001101011100001000 82
10001110000101011101001000 82
10001111001101011100001000 80
10011111001101011100001000 82
11000111001100010100000001 81
11000111001101011100001000 82
11000111001101011101001000 81
11000110001101011100000001 82
11000110001101011100001000 82
11010110001101011100000001 82
1000000110001001011100001100 80
1000000110001101011100001100 81
1000001111001101011100001000 80
1000001111001101011100001100 79
1000001111001001011100001100 80
1001000110001101011100000001 80
1001000110001101011100001000 76
1001000110011111011100001000 80
1001000110000101011100000001 79
1001000110000101011100001000 79
1001001110001001011100001100 82
1001001110001101011100001000 80
1001001110001101011100001100 81
1001001110001101111000001000 81
1001001110000101011100000001 81
1001001110000101011100001000 79
1001001110000101011100001100 82
1001001110000101111000001000 82
1001001111001101011100001000 82
10010000110001101011100001000 82
10010001110000101011101000001 82
10010001111001101011100001000 80
10011000110000101011101000001 82
10011000111001101010100000000 82
10011000111001101011100001000 80
10011000111001101011101000001 81
10011000111001101011101001001 82
10011000110001101010100000000 80
10011000110001101011100001000 76
10011000110001101011100001001 81
10011000110001101111000001000 81
10011010101011111001111011011 81
10011010100011111000110010010 81
11010000110001001010100000100 82
11010000110001001011100001100 82
11011000110001101010100000000 82
11011000110001101011100001000 78
11011000111000101011101000001 82
1000000000111001100010101000001 82
1000000000111001101011100001000 82
1000001000110001101011100000001 82
1000001000110001101011100001000 80
1000001000110001101111000101100 81
1001000000111000100011101000001 82
1001000000111000101011100001000 81
1001000000110001101011100001000 76
1001000000111001100010101000001 80
1001000000111001100010101001000 80
1001000000111001101011100001000 82
1001000000110011111011100001000 80
1001000001011101001111000101100 80
1001000001011001001011100001000 81
1001000001111000100010101000001 79
1001000001111000100010101001000 81
1001000001111000100011100001000 81
1001000001011001101011100001000 78
1001000001110010111011100001000 77
1001000001110010111011101000000 81
1001000001111011101011100001000 79
1001000001111001001011100001000 79
1001000001111011111011100000000 81
1001000001111011111011100001000 72
1001000001111011111011101000000 82
1001000001111011111111000101100 81
1001000001101001111011100001000 79
1001000001110000100010100001000 82
1001000001110000101011100000001 79
1001000001110000101011100001000 73
1001000001110000101011101000001 82
1001000001110000101011101001000 82
1001000001111001100010100001000 81
1001000001111001100010101000001 80
1001000001111001100010101001000 78
1001000001111001100011101001000 81
1001000001111001101001110001000 81
1001000001111001101010101001000 82
1001000001111001101011100000000 79
1001000001111001101011100000001 76
1001000001111001101011100001000 68
1001000001111001101011100011000 81
1001000001111001101011100011010 82
1001000001111001101011101000001 79
1001000001111001101011101001000 81
1001000001111001101111000001000 81
1001000001111001101111000001100 82
1001000001111001101111000101100 77
1001000001111001101111100001000 82
1001000001110000101111000101100 82
1001000001110011110011100001000 82
1001000001111101001111000101100 82
1001000001110001100011100001000 80
1001000001110001101011100001000 80
1001000001101011101011100001000 81
1001000011100000101011100001000 81
1001000011101001101011100001000 78
1001000011101001101011100001001 81
1001000011100010111000110010010 82
1001000011100010111001110011010 80
1001000011100010111001111010010 82
1001000011110000101011100001000 79
1001000011111001101011100001000 76
1001000011111001111011100001000 81
1001000011101011110001111011010 80
1001000011101011111000111011011 82
1001000011101011111001110010010 78
1001000011101011111001110011010 77
1001000011101011111001110011011 82
1001000011101011111011100001000 82
1001000101011011111011100001000 80
1001000101011001101011100001000 80
1001000101111101101011100001000 82
1001001000111001000010101000101 82
1001001000111011111011100001000 78
1001001000111011111011101000001 81
1001001000111001100010100001000 81
1001001000111001100010101000001 76
1001001000111001100010101001000 80
1001001000111001100110001000101 82
1001001000111001100110001100101 81
1001001000111001101010101000001 82
1001001000111001101011100000001 80
1001001000111001101011100001000 74
1001001000111001101011101000001 77
1001001000111001101011101001000 81
1001001000110000101011100000001 79
1001001000110000101011100001000 79
1001001000111001101111000101100 79
1001001000111001101111001100101 82
1001001000111000101010101000001 81
1001001000111000101011100000001 81
1001001000111000101011101000001 80
1001001000111011110010100001001 82
1001001000111011110010101000001 80
1001001001110001101011100001000 82
1001001010101011110001111011011 81
1001001010101011111000110010011 82
1001001010101011111000111011011 78
1001001010101011111001110011011 82
1001001010101011111001111011011 81
1001001010111001100010101000001 82
1001001010111001101011100001000 82
1001001010101001101011100001001 81
1001010001110000101011100001000 81
1001010001110000101011101000000 81
1001010001110000101011101001000 78
1001010001111001101011100001000 74
1001010001111001101011101000000 80
1001010001111001101011101001000 79
1001010001111011101011100001000 79
1001010001111001100011101001000 81
1001010011101001101001110011010 81
1001010011101001101011100001000 82
1001010011111011100001101001000 82
1001010011111011100001111011010 81
1001010011101001111011100001000 81
1001010011111001100011101001000 81
1001010011111001101011100001000 76
1001011000111000101011101001000 82
1001011000111001100010100000001 79
1001011000111001100010100001001 82
1001011000111001101011100001000 80
1001011000111001101011101001000 79
1001011010111001101011100001000 82
1001100001111001101011100001000 82
1010011000110001101011100001000 82
1011000001111001101011100001000 82
1011000001111001101011101000000 82
1011010000111000101011101000001 82
1011010000110001101010100000000 82
1011010000110001101010101001000 82
1011010000110001101011100001000 78
1011010001110000101011100001000 79
1011010001110000101011101000001 80
1011010001110000101011101001000 82
1011010001111001100010100001000 81
1011010001111001100011101001000 81
1011010001111001101011100000000 81
1011010001111001101011100000001 80
1011010001111001101011100001000 74
1011010001111001101011100001001 79
1011010001111001101011101000001 81
1011010001111001101011101001001 80
1011010001111000100010101000001 81
1011010011101001101001111011011 81
1011010011101011111001110010010 82
1011010011101011111001111011011 79
1011011000111001100010100001000 79
1011011000111001100010101000001 82
1011011000111001101010100000000 82
1011011000111001101011100001000 78
1011011000111001101011100001001 81
1011011000111001101011101000001 81
1011011000111001101011101001001 80
1011011000111000101011101000001 78
1011011010101011111001111011011 79
1011011010101001101001111011011 81
1101000001111001101011100011010 82
